X_norm =

   0.00000  -1.60579  -1.83704  -1.96378
   0.00000  -1.43676  -1.57041  -1.63439
   0.00000  -1.26773  -1.32639  -1.34602
   0.00000  -1.09870  -1.10006  -1.08844
   0.00000  -0.92967  -0.88804  -0.85491
   0.00000  -0.76064  -0.68792  -0.64077
   0.00000  -0.59161  -0.49790  -0.44264
   0.00000  -0.42258  -0.31659  -0.25797
   0.00000  -0.25355  -0.14289  -0.08481
   0.00000  -0.08452   0.02409   0.07839
   0.00000   0.08452   0.18506   0.23288
   0.00000   0.25355   0.34064   0.37966
   0.00000   0.42258   0.49134   0.51958
   0.00000   0.59161   0.63758   0.65334
   0.00000   0.76064   0.77973   0.78154
   0.00000   0.92967   0.91814   0.90470
   0.00000   1.09870   1.05306   1.02324
   0.00000   1.26773   1.18477   1.13756
   0.00000   1.43676   1.31346   1.24799
   0.00000   1.60579   1.43936   1.35483

mu =

   10.4768    3.1621    1.7669

sigma =

   4.37142   0.70917   0.20539

== 
==                                   Part Name |     Score | Feedback
==                                   --------- |     ----- | --------
==                            Warm-up Exercise |  10 /  10 | Nice work!
==           Computing Cost (for One Variable) |  40 /  40 | Nice work!
==         Gradient Descent (for One Variable) |  50 /  50 | Nice work!
==                       Feature Normalization |   0 /   0 | 
==     Computing Cost (for Multiple Variables) |   0 /   0 | 
==   Gradient Descent (for Multiple Variables) |   0 /   0 | 
==                            Normal Equations |   0 /   0 | 
==                                   --------------------------------
==                                             | 100 / 100 | 
== 
